class Constants:
    ROOT_BONE = "pelvis"

    BONE_IDX = {
        # Core body
        "pelvis": 0,
        "spine001": 1,
        "spine002": 2,
        "spine003": 3,
        "neck": 4,
        "head": 5,
        "head_end": 6,

        # Left arm chain
        "shoulder_l": 7,
        "upperarm_l": 8,
        "forearm_l": 9,
        "hand_l": 10,

        # Left hand fingers
        "index01_l": 11,
        "index02_l": 12,
        "index03_l": 13,
        "index_end_l": 14,

        "middle01_l": 15,
        "middle02_l": 16,
        "middle03_l": 17,
        "middle_end_l": 18,

        "ring01_l": 19,
        "ring02_l": 20,
        "ring03_l": 21,
        "ring_end_l": 22,

        "pinky01_l": 23,
        "pinky02_l": 24,
        "pinky03_l": 25,
        "pinky_end_l": 26,

        "thumb01_l": 27,
        "thumb02_l": 28,
        "thumb03_l": 29,
        "thumb_end_l": 30,

        # Right arm chain
        "shoulder_r": 31,
        "upperarm_r": 32,
        "forearm_r": 33,
        "hand_r": 34,

        # Right hand fingers
        "index01_r": 35,
        "index02_r": 36,
        "index03_r": 37,
        "index_end_r": 38,

        "middle01_r": 39,
        "middle02_r": 40,
        "middle03_r": 41,
        "middle_end_r": 42,

        "ring01_r": 43,
        "ring02_r": 44,
        "ring03_r": 45,
        "ring_end_r": 46,

        "pinky01_r": 47,
        "pinky02_r": 48,
        "pinky03_r": 49,
        "pinky_end_r": 50,

        "thumb01_r": 51,
        "thumb02_r": 52,
        "thumb03_r": 53,
        "thumb_end_r": 54,

        # Left leg chain
        "upperleg_l": 55,
        "lowerleg_l": 56,
        "foot_l": 57,
        "toe_l": 58,
        "toe_end_l": 59,

        # Right leg chain
        "upperleg_r": 60,
        "lowerleg_r": 61,
        "foot_r": 62,
        "toe_r": 63,
        "toe_end_r": 64
    }

    BONES_BODY = [
        'pelvis', 'spine001', 'spine002', 'spine003',
        'neck', 'head', "head_end",
        'shoulder_l', 'upperarm_l', 'forearm_l', 'hand_l',
        'shoulder_r', 'upperarm_r', 'forearm_r', 'hand_r',
        'upperleg_l', 'lowerleg_l', 'foot_l', 'toe_l', "toe_end_l",
        'upperleg_r', 'lowerleg_r', 'foot_r', 'toe_r', "toe_end_r"
    ]

    BONES_HAND_LEFT = [
        "thumb01_l", "thumb02_l", "thumb03_l", "thumb_end_l",
        "index01_l", "index02_l", "index03_l", "index_end_l",
        "middle01_l", "middle02_l", "middle03_l", "middle_end_l",
        "ring01_l", "ring02_l", "ring03_l", "ring_end_l",
        "pinky01_l", "pinky02_l", "pinky03_l", "pinky_end_l"
    ]

    BONES_HAND_RIGHT = [
        "thumb01_r", "thumb02_r", "thumb03_r", "thumb_end_r",
        "index01_r", "index02_r", "index03_r", "index_end_r",
        "middle01_r", "middle02_r", "middle03_r", "middle_end_r",
        "ring01_r", "ring02_r", "ring03_r", "ring_end_r",
        "pinky01_r", "pinky02_r", "pinky03_r", "pinky_end_r"
    ]

    BONE_PAIRS = [
        ("shoulder_l", "shoulder_r"),
        ("upperarm_l", "upperarm_r"),
        ("forearm_l", "forearm_r"),
        ("hand_l", "hand_r"),
        ("upperleg_l", "upperleg_r"),
        ("lowerleg_l", "lowerleg_r"),
        ("foot_l", "foot_r"),
        ("toe_l", "toe_r"),
        ("toe_end_l", "toe_end_r"),

        ("thumb01_l", "thumb01_r"),
        ("thumb02_l", "thumb02_r"),
        ("thumb03_l", "thumb03_r"),
        ("thumb_end_l", "thumb_end_r"),
        ("index01_l", "index01_r"),
        ("index02_l", "index02_r"),
        ("index03_l", "index03_r"),
        ("index_end_l", "index_end_r"),
        ("middle01_l", "middle01_r"),
        ("middle02_l", "middle02_r"),
        ("middle03_l", "middle03_r"),
        ("middle_end_l", "middle_end_r"),
        ("ring01_l", "ring01_r"),
        ("ring02_l", "ring02_r"),
        ("ring03_l", "ring03_r"),
        ("ring_end_l", "ring_end_r"),
        ("pinky01_l", "pinky01_r"),
        ("pinky02_l", "pinky02_r"),
        ("pinky03_l", "pinky03_r"),
        ("pinky_end_l", "pinky_end_r")
    ]

    BONE_MAPPINGS = {
        # Core body
        "pelvis": "mixamorig:Hips",
        "spine001": "mixamorig:Spine",
        "spine002": "mixamorig:Spine1",
        "spine003": "mixamorig:Spine2",
        "neck": "mixamorig:Neck",
        "head": "mixamorig:Head",
        "head_end": "mixamorig:HeadTop_End",

        # Left arm chain
        "shoulder_l": "mixamorig:LeftShoulder",
        "upperarm_l": "mixamorig:LeftArm",
        "forearm_l": "mixamorig:LeftForeArm",
        "hand_l": "mixamorig:LeftHand",

        # Left hand fingers
        "index01_l": "mixamorig:LeftHandIndex1",
        "index02_l": "mixamorig:LeftHandIndex2",
        "index03_l": "mixamorig:LeftHandIndex3",
        "index_end_l": "mixamorig:LeftHandIndex4",

        "middle01_l": "mixamorig:LeftHandMiddle1",
        "middle02_l": "mixamorig:LeftHandMiddle2",
        "middle03_l": "mixamorig:LeftHandMiddle3",
        "middle_end_l": "mixamorig:LeftHandMiddle4",

        "ring01_l": "mixamorig:LeftHandRing1",
        "ring02_l": "mixamorig:LeftHandRing2",
        "ring03_l": "mixamorig:LeftHandRing3",
        "ring_end_l": "mixamorig:LeftHandRing4",

        "pinky01_l": "mixamorig:LeftHandPinky1",
        "pinky02_l": "mixamorig:LeftHandPinky2",
        "pinky03_l": "mixamorig:LeftHandPinky3",
        "pinky_end_l": "mixamorig:LeftHandPinky4",

        "thumb01_l": "mixamorig:LeftHandThumb1",
        "thumb02_l": "mixamorig:LeftHandThumb2",
        "thumb03_l": "mixamorig:LeftHandThumb3",
        "thumb_end_l": "mixamorig:LeftHandThumb4",

        # Right arm chain
        "shoulder_r": "mixamorig:RightShoulder",
        "upperarm_r": "mixamorig:RightArm",
        "forearm_r": "mixamorig:RightForeArm",
        "hand_r": "mixamorig:RightHand",

        # Right hand fingers
        "index01_r": "mixamorig:RightHandIndex1",
        "index02_r": "mixamorig:RightHandIndex2",
        "index03_r": "mixamorig:RightHandIndex3",
        "index_end_r": "mixamorig:RightHandIndex4",

        "middle01_r": "mixamorig:RightHandMiddle1",
        "middle02_r": "mixamorig:RightHandMiddle2",
        "middle03_r": "mixamorig:RightHandMiddle3",
        "middle_end_r": "mixamorig:RightHandMiddle4",

        "ring01_r": "mixamorig:RightHandRing1",
        "ring02_r": "mixamorig:RightHandRing2",
        "ring03_r": "mixamorig:RightHandRing3",
        "ring_end_r": "mixamorig:RightHandRing4",

        "pinky01_r": "mixamorig:RightHandPinky1",
        "pinky02_r": "mixamorig:RightHandPinky2",
        "pinky03_r": "mixamorig:RightHandPinky3",
        "pinky_end_r": "mixamorig:RightHandPinky4",

        "thumb01_r": "mixamorig:RightHandThumb1",
        "thumb02_r": "mixamorig:RightHandThumb2",
        "thumb03_r": "mixamorig:RightHandThumb3",
        "thumb_end_r": "mixamorig:RightHandThumb4",

        # Left leg chain
        "upperleg_l": "mixamorig:LeftUpLeg",
        "lowerleg_l": "mixamorig:LeftLeg",
        "foot_l": "mixamorig:LeftFoot",
        "toe_l": "mixamorig:LeftToeBase",
        "toe_end_l": "mixamorig:LeftToe_End",

        # Right leg chain
        "upperleg_r": "mixamorig:RightUpLeg",
        "lowerleg_r": "mixamorig:RightLeg",
        "foot_r": "mixamorig:RightFoot",
        "toe_r": "mixamorig:RightToeBase",
        "toe_end_r": "mixamorig:RightToe_End"
    }

    BONE_CONNECTIONS = {
        # Core body
        "pelvis": None,
        "spine001": "pelvis",
        "spine002": "spine001",
        "spine003": "spine002",
        "neck": "spine003",
        "head": "neck",
        "head_end": "head",

        # Left arm chain
        "shoulder_l": "spine003",
        "upperarm_l": "shoulder_l",
        "forearm_l": "upperarm_l",
        "hand_l": "forearm_l",

        # Left hand fingers
        "index01_l": "hand_l",
        "index02_l": "index01_l",
        "index03_l": "index02_l",
        "index_end_l": "index03_l",

        "middle01_l": "hand_l",
        "middle02_l": "middle01_l",
        "middle03_l": "middle02_l",
        "middle_end_l": "middle03_l",

        "ring01_l": "hand_l",
        "ring02_l": "ring01_l",
        "ring03_l": "ring02_l",
        "ring_end_l": "ring03_l",

        "pinky01_l": "hand_l",
        "pinky02_l": "pinky01_l",
        "pinky03_l": "pinky02_l",
        "pinky_end_l": "pinky03_l",

        "thumb01_l": "hand_l",
        "thumb02_l": "thumb01_l",
        "thumb03_l": "thumb02_l",
        "thumb_end_l": "thumb03_l",

        # Right arm chain
        "shoulder_r": "spine003",
        "upperarm_r": "shoulder_r",
        "forearm_r": "upperarm_r",
        "hand_r": "forearm_r",

        # Right hand fingers
        "index01_r": "hand_r",
        "index02_r": "index01_r",
        "index03_r": "index02_r",
        "index_end_r": "index03_r",

        "middle01_r": "hand_r",
        "middle02_r": "middle01_r",
        "middle03_r": "middle02_r",
        "middle_end_r": "middle03_r",

        "ring01_r": "hand_r",
        "ring02_r": "ring01_r",
        "ring03_r": "ring02_r",
        "ring_end_r": "ring03_r",

        "pinky01_r": "hand_r",
        "pinky02_r": "pinky01_r",
        "pinky03_r": "pinky02_r",
        "pinky_end_r": "pinky03_r",

        "thumb01_r": "hand_r",
        "thumb02_r": "thumb01_r",
        "thumb03_r": "thumb02_r",
        "thumb_end_r": "thumb03_r",

        # Left leg chain
        "upperleg_l": "pelvis",
        "lowerleg_l": "upperleg_l",
        "foot_l": "lowerleg_l",
        "toe_l": "foot_l",
        "toe_end_l": "toe_l",

        # Right leg chain
        "upperleg_r": "pelvis",
        "lowerleg_r": "upperleg_r",
        "foot_r": "lowerleg_r",
        "toe_r": "foot_r",
        "toe_end_r": "toe_r"
    }

    DEFAULT_BONE_OFFSETS_LOCAL_LOCATION = {
        "pelvis": [0.0, 0.0, 0.0],
        "spine001": [3.8295343074423727e-07, 0.01227300800383091, 0.09923505783081055],
        "spine002": [-1.1535695193742868e-05, 0.014223537407815456, 0.1164546012878418],
        "spine003": [-1.0650505828380119e-05, 0.01626458577811718, 0.13360154628753662],
        "neck": [-1.3080509233986959e-05, -0.007929041981697083, 0.15032517910003662],
        "head": [-9.020699508255348e-06, -0.031423989683389664, 0.10321807861328125],
        "head_end": [-1.4161167200654745e-05, -0.06636398285627365, 0.18474698066711426],
        "shoulder_l": [0.06105006858706474, -0.007056009024381638, 0.09110963344573975],
        "upperarm_l": [0.12655049562454224, 0.026008974760770798, -0.002664327621459961],
        "forearm_l": [0.27404695749282837, -3.725290298461914e-09, 0.0],
        "hand_l": [0.27614516019821167, -3.725290298461914e-09, 0.0],
        "index01_l": [0.1226658821105957, -0.028220005333423615, -0.0023179054260253906],
        "index02_l": [0.03891998529434204, 0.0, 0.0],
        "index03_l": [0.034152090549468994, 0.0, 0.0],
        "index_end_l": [0.03077995777130127, 0.0, 0.0],
        "middle01_l": [0.12775492668151855, -3.725290298461914e-09, 0.0],
        "middle02_l": [0.03614002466201782, 0.0, 0.0],
        "middle03_l": [0.034597933292388916, 0.0, 0.0],
        "middle_end_l": [0.03680211305618286, 0.0, 0.0],
        "ring01_l": [0.12146991491317749, 0.022165998816490173, 9.989738464355469e-05],
        "ring02_l": [0.03601199388504028, 0.0, 0.0],
        "ring03_l": [0.03307300806045532, 0.0, 0.0],
        "ring_end_l": [0.03660094738006592, 0.0, 0.0],
        "pinky01_l": [0.1090819239616394, 0.04725799709558487, -0.002261042594909668],
        "pinky02_l": [0.0413670539855957, 0.0, 0.0],
        "pinky03_l": [0.025947988033294678, 0.0, 0.0],
        "pinky_end_l": [0.02923905849456787, 0.0, 0.0],
        "thumb01_l": [0.03788793087005615, -0.030030015856027603, -0.021670937538146973],
        "thumb02_l": [0.036754608154296875, -0.021220289170742035, -0.02122032642364502],
        "thumb03_l": [0.03394365310668945, -0.01959734782576561, -0.019597291946411133],
        "thumb_end_l": [0.026794016361236572, -0.01546956691890955, -0.015469551086425781],
        "shoulder_r": [-0.06106492877006531, -0.0070558153092861176, 0.09110009670257568],
        "upperarm_r": [-0.12655062973499298, 0.02600913494825363, -0.0026553869247436523],
        "forearm_r": [-0.27404695749282837, 3.725290298461914e-09, 0.0],
        "hand_r": [-0.2761451303958893, 7.450580596923828e-09, 0.0],
        "index01_r": [-0.12266600131988525, -0.028220001608133316, -0.0023180246353149414],
        "index02_r": [-0.03891998529434204, 0.0, 0.0],
        "index03_r": [-0.03415203094482422, 0.0, 0.0],
        "index_end_r": [-0.03077995777130127, 0.0, 0.0],
        "middle01_r": [-0.1277550458908081, 3.725290298461914e-09, 0.0],
        "middle02_r": [-0.03613996505737305, 0.0, 0.0],
        "middle03_r": [-0.034597933292388916, 0.0, 0.0],
        "middle_end_r": [-0.03680211305618286, 0.0, 0.0],
        "ring01_r": [-0.12146997451782227, 0.02216600626707077, 9.989738464355469e-05],
        "ring02_r": [-0.03601199388504028, 0.0, 0.0],
        "ring03_r": [-0.0330730676651001, 0.0, 0.0],
        "ring_end_r": [-0.03660100698471069, 0.0, 0.0],
        "pinky01_r": [-0.10908198356628418, 0.047258004546165466, -0.002261042594909668],
        "pinky02_r": [-0.0413670539855957, 0.0, 0.0],
        "pinky03_r": [-0.025948047637939453, 0.0, 0.0],
        "pinky_end_r": [-0.029238998889923096, 0.0, 0.0],
        "thumb01_r": [-0.03788799047470093, -0.030030015856027603, -0.021670937538146973],
        "thumb02_r": [-0.036754608154296875, -0.021220285445451736, -0.02122032642364502],
        "thumb03_r": [-0.03394365310668945, -0.01959734782576561, -0.019597291946411133],
        "thumb_end_r": [-0.026794016361236572, -0.015469565987586975, -0.015469551086425781],
        "upperleg_l": [0.09124480932950974, 0.0005536765092983842, -0.06656402349472046],
        "lowerleg_l": [0.002446882426738739, 0.005156253930181265, -0.4059538245201111],
        "foot_l": [-0.0024468451738357544, 0.020591270178556442, -0.4204789996147156],
        "toe_l": [0.003735356032848358, -0.13966596126556396, -0.07208564132452011],
        "toe_end_l": [-0.0014205798506736755, -0.09997458755970001, -0.0017523039132356644],
        "upperleg_r": [-0.09124419093132019, 0.0005543134757317603, -0.06656390428543091],
        "lowerleg_r": [-0.0024468302726745605, 0.005142810754477978, -0.40595412254333496],
        "foot_r": [0.002446867525577545, 0.02060523070394993, -0.42047837376594543],
        "toe_r": [-0.0037354007363319397, -0.13966594636440277, -0.07208564132452011],
        "toe_end_r": [0.0014179274439811707, -0.099974624812603, -0.0017501451075077057],
    }

    DEFAULT_BONE_OFFSETS_LOCAL_ROTATION = {
        "pelvis": [1.0, 0.0, 0.0, 0.0],
        "spine001": [0.9981542825698853, -0.060730576515197754, -3.70984707842581e-07, 6.097407094785012e-06],
        "spine002": [1.0, 0.0001962482201633975, -1.8790160538628697e-09, -9.599330951459706e-06],
        "spine003": [0.9983332753181458, 0.05771207809448242, 1.943873940035701e-06, 3.3841442927950993e-06],
        "neck": [0.9999959468841553, 0.002827465534210205, -1.8189894035458565e-12, -2.1827872842550278e-11],
        "head": [0.9999999403953552, 5.960464477539063e-08, -1.8189894035458565e-12, -1.8189894035458565e-12],
        "head_end": [1.0, 0.0, 0.0, 1.0913936421275139e-11],
        "shoulder_l": [-0.439759224653244, -0.4538695812225342, -0.5448206663131714, 0.5511666536331177],
        "upperarm_l": [0.9948155879974365, -0.010471047833561897, -0.0010646306909620762, 0.10114923119544983],
        "forearm_l": [1.0, 9.313296800428361e-10, 2.7343816100255935e-10, 0.0],
        "hand_l": [-1.0, -1.3500311979441904e-13, 5.829665497003589e-07, 0.0],
        "index01_l": [1.0, 4.263256414560601e-14, -2.171371704662306e-08, 0.0],
        "index02_l": [1.0, -1.4210854715202004e-14, 1.4210854715202004e-14, 0.0],
        "index03_l": [1.0, 0.0, 0.0, 0.0],
        "index_end_l": [-0.9999920129776001, 9.183887073049846e-08, -0.004002009052783251, -2.2739171981811523e-05],
        "middle01_l": [1.0, 2.842170943040401e-14, -2.1713702835768345e-08, 0.0],
        "middle02_l": [1.0, 0.0, 0.0, 0.0],
        "middle03_l": [1.0, 0.0, 0.0, 0.0],
        "middle_end_l": [-0.99998939037323, 1.884066023194464e-06, -0.004579730797559023, 0.0006544888019561768],
        "ring01_l": [1.0, 4.263256414560601e-14, -2.171371704662306e-08, 0.0],
        "ring02_l": [1.0, -1.4210854715202004e-14, 1.4210854715202004e-14, 0.0],
        "ring03_l": [1.0, 0.0, 0.0, 0.0],
        "ring_end_l": [-0.9999724626541138, -7.327456842176616e-06, -0.007396654225885868, -0.0007704794406890869],
        "pinky01_l": [1.0, 4.263256414560601e-14, -2.171371704662306e-08, 0.0],
        "pinky02_l": [1.0, -1.4210854715202004e-14, 1.4210854715202004e-14, 0.0],
        "pinky03_l": [1.0, 0.0, 0.0, 0.0],
        "pinky_end_l": [-0.9999915361404419, -2.961750169561128e-07, -0.004099762998521328, 0.000574946403503418],
        "thumb01_l": [-0.9400863647460938, -0.25189584493637085, 0.05946401506662369, -0.22192397713661194],
        "thumb02_l": [1.0, -6.183981895446777e-07, 4.3213367462158203e-07, 5.364418029785156e-07],
        "thumb03_l": [0.9999998807907104, 1.4528632164001465e-06, -1.4901161193847656e-07, -2.980232238769531e-07],
        "thumb_end_l": [0.9894126057624817, 0.009145103394985199, 0.12563766539096832, 0.0720725953578949],
        "shoulder_r": [-0.439827561378479, -0.4538038372993469, 0.5448753237724304, -0.5511122941970825],
        "upperarm_r": [0.9948157072067261, -0.01043587177991867, 0.0010609747841954231, -0.10114976763725281],
        "forearm_r": [1.0, -7.105427357601002e-15, 2.1238122371869395e-11, 0.0],
        "hand_r": [-1.0, -1.3500311979441904e-13, -5.874126713933947e-07, 0.0],
        "index01_r": [1.0, -2.842170943040401e-14, 8.526512829121202e-14, 0.0],
        "index02_r": [1.0, 1.4210854715202004e-14, -1.4210854715202004e-14, 0.0],
        "index03_r": [1.0, 1.4210854715202004e-14, -1.4210854715202004e-14, 0.0],
        "index_end_r": [-0.999976634979248, 7.406804797938094e-05, 0.006709120701998472, -0.001374751329421997],
        "middle01_r": [1.0, -2.842170943040401e-14, 8.526512829121202e-14, 0.0],
        "middle02_r": [1.0, 1.4210854715202004e-14, -1.4210854715202004e-14, 0.0],
        "middle03_r": [1.0, 1.4210854715202004e-14, -1.4210854715202004e-14, 0.0],
        "middle_end_r": [-0.9999762177467346, 5.0307698984397575e-05, 0.006694880314171314, 0.0017079710960388184],
        "ring01_r": [1.0, 0.0, 1.1368683772161603e-13, 0.0],
        "ring02_r": [1.0, -1.4210854715202004e-14, -4.263256414560601e-14, 0.0],
        "ring03_r": [1.0, 1.4210854715202004e-14, -1.4210854715202004e-14, 0.0],
        "ring_end_r": [-0.9999710321426392, 6.091763498261571e-05, 0.0076130460947752, 0.0003006160259246826],
        "pinky01_r": [1.0, -2.842170943040401e-14, 8.526512829121202e-14, 0.0],
        "pinky02_r": [1.0, 1.4210854715202004e-14, -1.4210854715202004e-14, 0.0],
        "pinky03_r": [1.0, 1.4210854715202004e-14, -1.4210854715202004e-14, 0.0],
        "pinky_end_r": [-0.9999616146087646, 8.320519555127248e-05, 0.008498946204781532, -0.002205878496170044],
        "thumb01_r": [-0.940086305141449, -0.251895934343338, -0.05946441739797592, 0.2219238579273224],
        "thumb02_r": [1.0000001192092896, -9.760260581970215e-07, -4.470348358154297e-07, -1.4901161193847656e-07],
        "thumb03_r": [1.0, 1.4156103134155273e-06, 7.450580596923828e-08, 2.086162567138672e-07],
        "thumb_end_r": [0.989202618598938, 0.009230092167854309, -0.1271291971206665, -0.07232719659805298],
        "upperleg_l": [0.0029699807055294514, -2.0177421902189963e-05, 0.006350219249725342, -0.9999755024909973],
        "lowerleg_l": [-0.9998184442520142, 0.018113911151885986, -0.00018196809105575085, 0.005920421332120895],
        "foot_l": [-0.8408193588256836, -0.540549635887146, -0.014366396702826023, -0.02495093271136284],
        "toe_l": [-0.9730688333511353, -0.2276916205883026, 0.0325213223695755, 0.0153655419126153],
        "toe_end_l": [1.0, -3.166496753692627e-08, -1.3969838619232178e-08, 3.7434801924973726e-08],
        "upperleg_r": [0.0030572395771741867, -1.834356771723833e-05, -0.006333678960800171, 0.9999753832817078],
        "lowerleg_r": [-0.9998177886009216, 0.018147051334381104, 0.00018350174650549889, -0.0059203836135566235],
        "foot_r": [-0.8408104181289673, -0.5405633449554443, 0.014366388320922852, 0.0249519981443882],
        "toe_r": [-0.9730798602104187, -0.22770854830741882, -0.03211989253759384, -0.015257513150572777],
        "toe_end_r": [1.0, -2.7008354663848877e-08, 9.313225746154785e-10, -4.075263859704137e-08],
    }

    DEFAULT_BONE_OFFSETS_GLOBAL_LOCATION = {
        "pelvis": [0.0, 7.534078605431205e-08, 0.997918963432312],
        "spine001": [3.8295343074423727e-07, 0.012273083440959454, 1.0971540212631226],
        "spine002": [-1.1152741535624955e-05, 0.02649662084877491, 1.2136086225509644],
        "spine003": [-2.1803247364005074e-05, 0.04276120662689209, 1.347210168838501],
        "neck": [-3.488375659799203e-05, 0.03483216464519501, 1.4975353479385376],
        "head": [-4.390445610624738e-05, 0.0034081742633134127, 1.6007534265518188],
        "head_end": [-5.8065623306902125e-05, -0.0629558116197586, 1.785500407218933],
        "shoulder_l": [0.061028264462947845, 0.03570519760251045, 1.4383198022842407],
        "upperarm_l": [0.18757875263690948, 0.06171417236328125, 1.4356554746627808],
        "forearm_l": [0.46162569522857666, 0.06171416863799095, 1.4356554746627808],
        "hand_l": [0.7377708554267883, 0.06171416491270065, 1.4356554746627808],
        "index01_l": [0.860436737537384, 0.03349415957927704, 1.4333375692367554],
        "index02_l": [0.8993567228317261, 0.03349415957927704, 1.4333375692367554],
        "index03_l": [0.9335088133811951, 0.03349415957927704, 1.4333375692367554],
        "index_end_l": [0.9642887711524963, 0.03349415957927704, 1.4333375692367554],
        "middle01_l": [0.8655257821083069, 0.061714161187410355, 1.4356554746627808],
        "middle02_l": [0.9016658067703247, 0.061714161187410355, 1.4356554746627808],
        "middle03_l": [0.9362637400627136, 0.061714161187410355, 1.4356554746627808],
        "middle_end_l": [0.9730658531188965, 0.061714161187410355, 1.4356554746627808],
        "ring01_l": [0.8592407703399658, 0.08388016372919083, 1.4357553720474243],
        "ring02_l": [0.8952527642250061, 0.08388016372919083, 1.4357553720474243],
        "ring03_l": [0.9283257722854614, 0.08388016372919083, 1.4357553720474243],
        "ring_end_l": [0.9649267196655273, 0.08388016372919083, 1.4357553720474243],
        "pinky01_l": [0.8468527793884277, 0.10897216200828552, 1.433394432067871],
        "pinky02_l": [0.8882198333740234, 0.10897216200828552, 1.433394432067871],
        "pinky03_l": [0.9141678214073181, 0.10897216200828552, 1.433394432067871],
        "pinky_end_l": [0.943406879901886, 0.10897216200828552, 1.433394432067871],
        "thumb01_l": [0.7756587862968445, 0.03168414905667305, 1.4139845371246338],
        "thumb02_l": [0.8124133944511414, 0.010463859885931015, 1.3927642107009888],
        "thumb03_l": [0.8463570475578308, -0.00913348887115717, 1.3731669187545776],
        "thumb_end_l": [0.8731510639190674, -0.02460305579006672, 1.3576973676681519],
        "shoulder_r": [-0.061086732894182205, 0.03570539131760597, 1.4383102655410767],
        "upperarm_r": [-0.1876373589038849, 0.061714526265859604, 1.435654878616333],
        "forearm_r": [-0.46168431639671326, 0.0617145299911499, 1.435654878616333],
        "hand_r": [-0.7378294467926025, 0.0617145374417305, 1.435654878616333],
        "index01_r": [-0.8604954481124878, 0.03349453583359718, 1.433336853981018],
        "index02_r": [-0.8994154334068298, 0.03349453583359718, 1.433336853981018],
        "index03_r": [-0.933567464351654, 0.03349453583359718, 1.433336853981018],
        "index_end_r": [-0.9643474221229553, 0.03349453583359718, 1.433336853981018],
        "middle01_r": [-0.8655844926834106, 0.0617145411670208, 1.435654878616333],
        "middle02_r": [-0.9017244577407837, 0.0617145411670208, 1.435654878616333],
        "middle03_r": [-0.9363223910331726, 0.0617145411670208, 1.435654878616333],
        "middle_end_r": [-0.9731245040893555, 0.0617145411670208, 1.435654878616333],
        "ring01_r": [-0.8592994213104248, 0.08388054370880127, 1.4357547760009766],
        "ring02_r": [-0.8953114151954651, 0.08388054370880127, 1.4357547760009766],
        "ring03_r": [-0.9283844828605652, 0.08388054370880127, 1.4357547760009766],
        "ring_end_r": [-0.9649854898452759, 0.08388054370880127, 1.4357547760009766],
        "pinky01_r": [-0.8469114303588867, 0.10897254198789597, 1.4333938360214233],
        "pinky02_r": [-0.8882784843444824, 0.10897254198789597, 1.4333938360214233],
        "pinky03_r": [-0.9142265319824219, 0.10897254198789597, 1.4333938360214233],
        "pinky_end_r": [-0.943465530872345, 0.10897254198789597, 1.4333938360214233],
        "thumb01_r": [-0.7757174372673035, 0.031684521585702896, 1.413983941078186],
        "thumb02_r": [-0.8124720454216003, 0.010464237071573734, 1.392763614654541],
        "thumb03_r": [-0.8464156985282898, -0.00913311168551445, 1.3731663227081299],
        "thumb_end_r": [-0.8732097148895264, -0.024602677673101425, 1.357696771621704],
        "upperleg_l": [0.09124480932950974, 0.0005537518300116062, 0.9313549399375916],
        "lowerleg_l": [0.09369169175624847, 0.005710005760192871, 0.5254011154174805],
        "foot_l": [0.09124484658241272, 0.026301275938749313, 0.1049221009016037],
        "toe_l": [0.09498020261526108, -0.11336468160152435, 0.03283645957708359],
        "toe_end_l": [0.0935596227645874, -0.21333926916122437, 0.031084155663847923],
        "upperleg_r": [-0.09124419093132019, 0.0005543887964449823, 0.9313550591468811],
        "lowerleg_r": [-0.09369102120399475, 0.005697199609130621, 0.5254009366035461],
        "foot_r": [-0.0912441536784172, 0.026302430778741837, 0.10492256283760071],
        "toe_r": [-0.09497955441474915, -0.11336351186037064, 0.0328369215130806],
        "toe_end_r": [-0.09356162697076797, -0.21333813667297363, 0.03108677640557289],
    }

    DEFAULT_BONE_OFFSETS_GLOBAL_ROTATION = {
        "pelvis": [0.7071067690849304, 0.7071067690849304, -3.208747148164548e-05, 2.9619208362419158e-05],
        "spine001": [0.7487446069717407, 0.6628586053848267, -3.840088174911216e-05, 3.166504029650241e-05],
        "spine002": [0.748614490032196, 0.663005530834198, -3.203307278454304e-05, 2.4483882953063585e-05],
        "spine003": [0.7091033458709717, 0.7051045894622803, -3.1355160899693146e-05, 3.011398803209886e-05],
        "neck": [0.7071068286895752, 0.7071067094802856, -3.1269875762518495e-05, 3.020250551344361e-05],
        "head": [0.7071067690849304, 0.7071067690849304, -3.126987212453969e-05, 3.020250551344361e-05],
        "head_end": [0.7071067690849304, 0.7071067690849304, -3.12698794004973e-05, 3.0202512789401226e-05],
        "shoulder_l": [0.008157119154930115, -0.6319175362586975, -0.7749641537666321, 0.006651167757809162],
        "upperarm_l": [1.7892506321004475e-07, -0.7071067690849304, -0.7071067690849304, -1.5623433569089684e-07],
        "forearm_l": [1.7977696131765697e-07, -0.7071067690849304, -0.7071067690849304, -1.557691433617947e-07],
        "hand_l": [2.3244251678988803e-07, 0.7071067690849304, 0.7071067690849304, -2.564505336977163e-07],
        "index01_l": [2.477964073932526e-07, 0.7071067690849304, 0.7071067690849304, -2.7180448114449973e-07],
        "index02_l": [2.477964073932526e-07, 0.7071067690849304, 0.7071067690849304, -2.718044527227903e-07],
        "index03_l": [2.477964073932526e-07, 0.7071067690849304, 0.7071067690849304, -2.718044527227903e-07],
        "index_end_l": [0.002829534700140357, -0.7071171998977661, -0.7070850133895874, -0.002829640870913863],
        "middle01_l": [2.477964073932526e-07, 0.7071067690849304, 0.7071067690849304, -2.718044527227903e-07],
        "middle02_l": [2.477964073932526e-07, 0.7071067690849304, 0.7071067690849304, -2.718044527227903e-07],
        "middle03_l": [2.477964073932526e-07, 0.7071067690849304, 0.7071067690849304, -2.718044527227903e-07],
        "middle_end_l": [0.0032367785461246967, -0.7066364288330078, -0.7075619697570801, -0.003239418612793088],
        "ring01_l": [2.477964073932526e-07, 0.7071067690849304, 0.7071067690849304, -2.7180448114449973e-07],
        "ring02_l": [2.477964073932526e-07, 0.7071067690849304, 0.7071067690849304, -2.718044527227903e-07],
        "ring03_l": [2.477964073932526e-07, 0.7071067690849304, 0.7071067690849304, -2.718044527227903e-07],
        "ring_end_l": [0.0052351574413478374, -0.7076320648193359, -0.706542432308197, -0.005224771331995726],
        "pinky01_l": [2.477964073932526e-07, 0.7071067690849304, 0.7071067690849304, -2.7180448114449973e-07],
        "pinky02_l": [2.477964073932526e-07, 0.7071067690849304, 0.7071067690849304, -2.718044527227903e-07],
        "pinky03_l": [2.477964073932526e-07, 0.7071067690849304, 0.7071067690849304, -2.718044527227903e-07],
        "pinky_end_l": [0.0028989319689571857, -0.7066941857337952, -0.707507312297821, -0.0028984886594116688],
        "thumb01_l": [0.13606956601142883, -0.8216654062271118, -0.5078173875808716, 0.22016483545303345],
        "thumb02_l": [0.1360691636800766, -0.82166588306427, -0.5078170299530029, 0.2201642394065857],
        "thumb03_l": [0.1360703408718109, -0.8216654658317566, -0.5078169703483582, 0.22016505897045135],
        "thumb_end_l": [0.19007697701454163, -0.875982403755188, -0.424111932516098, 0.12905292212963104],
        "shoulder_r": [0.008129618130624294, -0.6319173574447632, 0.7749648094177246, -0.006628936156630516],
        "upperarm_r": [1.3071154114641104e-07, -0.7071067690849304, 0.7071067690849304, 1.0468941979979718e-07],
        "forearm_r": [1.3069652027297707e-07, -0.7071067690849304, 0.7071067690849304, 1.0467441313721793e-07],
        "hand_r": [2.846668394340668e-07, 0.7071067690849304, -0.7071067690849304, 3.1068915973264666e-07],
        "index01_r": [2.846669246991951e-07, 0.7071067690849304, -0.7071067690849304, 3.106892165760655e-07],
        "index02_r": [2.846669246991951e-07, 0.7071067690849304, -0.7071067690849304, 3.106892165760655e-07],
        "index03_r": [2.846669246991951e-07, 0.7071067690849304, -0.7071067690849304, 3.106892165760655e-07],
        "index_end_r": [0.004691406153142452, -0.706118106842041, 0.7080622911453247, 0.004796127323061228],
        "middle01_r": [2.846669246991951e-07, 0.7071067690849304, -0.7071067690849304, 3.106892165760655e-07],
        "middle02_r": [2.846669246991951e-07, 0.7071067690849304, -0.7071067690849304, 3.106892165760655e-07],
        "middle03_r": [2.846669246991951e-07, 0.7071067690849304, -0.7071067690849304, 3.106892165760655e-07],
        "middle_end_r": [0.004698136821389198, -0.7082976698875427, 0.70588219165802, 0.004769257735460997],
        "ring01_r": [2.846669246991951e-07, 0.7071067690849304, -0.7071067690849304, 3.1068924499777495e-07],
        "ring02_r": [2.846669246991951e-07, 0.7071067690849304, -0.7071067690849304, 3.106892165760655e-07],
        "ring03_r": [2.846669246991951e-07, 0.7071067690849304, -0.7071067690849304, 3.106892165760655e-07],
        "ring_end_r": [0.005339875817298889, -0.7072988152503967, 0.7068737149238586, 0.00542600080370903],
        "pinky01_r": [2.846669246991951e-07, 0.7071067690849304, -0.7071067690849304, 3.106892165760655e-07],
        "pinky02_r": [2.846669246991951e-07, 0.7071067690849304, -0.7071067690849304, 3.106892165760655e-07],
        "pinky03_r": [2.846669246991951e-07, 0.7071067690849304, -0.7071067690849304, 3.106892165760655e-07],
        "pinky_end_r": [0.005950543563812971, -0.7055197954177856, 0.7086393237113953, 0.0060681854374706745],
        "thumb01_r": [0.13606928288936615, -0.8216652870178223, 0.5078174471855164, -0.2201652228832245],
        "thumb02_r": [0.1360686719417572, -0.8216656446456909, 0.5078175067901611, -0.22016440331935883],
        "thumb03_r": [0.13606984913349152, -0.8216652870178223, 0.5078173875808716, -0.22016514837741852],
        "thumb_end_r": [0.19081918895244598, -0.8762559294700623, 0.42357492446899414, -0.12785904109477997],
        "upperleg_l": [0.0021441830322146416, 0.002117724157869816, 0.7115796208381653, -0.702599048614502],
        "lowerleg_l": [0.002107013016939163, 0.0020065002609044313, -0.7241901159286499, 0.6895942687988281],
        "foot_l": [0.0061150118708610535, 0.025150151923298836, 0.23617292940616608, -0.971366286277771],
        "toe_l": [0.00702106487005949, 0.009353873319923878, -0.008828135207295418, 0.9998926520347595],
        "toe_end_l": [0.007021027617156506, 0.009353886358439922, -0.008828166872262955, 0.9998926520347595],
        "upperleg_r": [0.0021449436899274588, 0.0021169246174395084, -0.7115679979324341, 0.7026107907295227],
        "lowerleg_r": [0.002107330597937107, 0.0020062103867530823, 0.7242015600204468, -0.6895822286605835],
        "foot_r": [0.006114911288022995, 0.025151092559099197, -0.23617316782474518, 0.9713661670684814],
        "toe_r": [0.007011597044765949, 0.008937155827879906, 0.008814302273094654, -0.9998966455459595],
        "toe_end_r": [0.0070115565322339535, 0.008937155827879906, 0.008814329281449318, -0.9998966455459595],
    }

    DEFAULT_BONE_OFFSETS_GLOBAL_ROTATION_MATRIX = {
        "pelvis": [[1.0, -8.726642408873886e-05, -3.490655217319727e-06], [-3.490648623483139e-06, 7.549790836947068e-08, -1.0], [8.726642408873886e-05, 1.0, 1.1128924626291337e-07]],
        "spine001": [[1.0, -9.832675277721137e-05, -1.552602043375373e-05], [-3.490641802272876e-06, 0.12123711407184601, -0.9926235675811768], [9.948379010893404e-05, 0.9926236271858215, 0.12123715132474899]],
        "spine002": [[1.0, -7.913418812677264e-05, -1.5494942999794148e-05], [-5.818229055876145e-06, 0.12084730714559555, -0.9926711320877075], [8.04267474450171e-05, 0.9926711916923523, 0.12084734439849854]],
        "spine003": [[1.0, -8.69252035045065e-05, -2.001068423851393e-06], [-1.5094751688593533e-06, 0.005654968321323395, -0.9999840259552002], [8.693512791069224e-05, 0.9999841451644897, 0.0056549981236457825]],
        "neck": [[1.0, -8.693507697898895e-05, -1.5094886975930422e-06], [-1.5094772152224323e-06, 1.0989606380462646e-07, -1.0], [8.693507697898895e-05, 1.0000001192092896, 1.3923272490501404e-07]],
        "head": [[1.0, -8.693506970303133e-05, -1.5094854006747482e-06], [-1.5094772152224323e-06, 7.19419404049404e-08, -1.0], [8.693506970303133e-05, 1.0000001192092896, 1.0127859439990061e-07]],
        "head_end": [[1.0, -8.693509153090417e-05, -1.509485514361586e-06], [-1.50947732890927e-06, 7.19419404049404e-08, -1.0], [8.693509153090417e-05, 1.0000001192092896, 1.0127859439990061e-07]],
        "shoulder_l": [[-0.20122717320919037, 0.9793181419372559, -0.021048951894044876], [0.9795352220535278, 0.2012719362974167, 4.391185939311981e-07], [0.004236945882439613, -0.020618099719285965, -0.9997784495353699]],
        "upperarm_l": [[1.0574897402193528e-07, 0.9999996423721313, -2.0489096641540527e-08], [0.9999998807907104, 5.658181478906954e-09, 5.079392053630727e-07], [4.6238648110374925e-07, 1.862645149230957e-09, -1.0000001192092896]],
        "forearm_l": [[1.2489748257848987e-07, 0.9999996423721313, -2.2351731132630448e-08], [0.9999998807907104, -1.3490329742182894e-08, 5.084860958959325e-07], [4.629333716366091e-07, 0.0, -1.0000001192092896]],
        "hand_l": [[1.4533486591972178e-07, 0.9999996423721313, -2.2351891004745994e-08], [0.9999998807907104, -3.392775482780053e-08, -6.574467761311098e-07], [-7.029997277641087e-07, 0.0, -1.0000001192092896]],
        "index01_l": [[9.747657969683132e-08, 0.9999996423721313, -2.2351894557459673e-08], [0.9999998807907104, 1.3930542053230965e-08, -7.008741818026465e-07], [-7.464271334356454e-07, -3.3644375669770674e-14, -1.0000001192092896]],
        "index02_l": [[1.1140711819734861e-07, 0.9999996423721313, -2.235187146482076e-08], [0.9999998807907104, -8.881621143158906e-16, -7.008741818026465e-07], [-7.464271334356454e-07, 1.6940658945086007e-21, -1.0000001192092896]],
        "index03_l": [[1.1140711819734861e-07, 0.9999996423721313, -2.235187146482076e-08], [0.9999998807907104, 5.293883660680459e-23, -7.008741818026465e-07], [-7.464271334356454e-07, 0.0, -1.0000001192092896]],
        "index_end_l": [[4.549616642179899e-05, 0.9999995827674866, 3.417744380840304e-07], [0.9999678730964661, -4.538604844128713e-05, 0.008003251627087593], [0.00800320878624916, 1.0859368959614812e-15, -0.9999681115150452]],
        "middle01_l": [[1.1140712530277597e-07, 0.9999996423721313, -2.235187146482076e-08], [0.9999998807907104, -7.105411687491478e-15, -7.008741818026465e-07], [-7.464271334356454e-07, 3.3881317890172014e-21, -1.0000001192092896]],
        "middle02_l": [[1.1140711819734861e-07, 0.9999996423721313, -2.235187146482076e-08], [0.9999998807907104, 4.235178367787944e-22, -7.008741818026465e-07], [-7.464271334356454e-07, -2.0194839173657902e-28, -1.0000001192092896]],
        "middle03_l": [[1.1140711819734861e-07, 0.9999996423721313, -2.235187146482076e-08], [0.9999998807907104, -8.002358594355783e-35, -7.008741818026465e-07], [-7.464271334356454e-07, 2.407412430484045e-35, -1.0000001192092896]],
        "middle_end_l": [[-0.0013087649131193757, 0.9999988079071045, -2.291278178745415e-06], [0.9999570846557617, 0.001308842678554356, 0.00915864109992981], [0.009158593602478504, 9.717626198835205e-06, -0.9999581575393677]],
        "ring01_l": [[9.3611994600451e-08, 0.9999996423721313, -2.2351894557459673e-08], [0.9999998807907104, 1.779512714961129e-08, -7.008742386460654e-07], [-7.464271902790642e-07, -3.636117624984843e-14, -1.0000001192092896]],
        "ring02_l": [[1.1140711819734861e-07, 0.9999996423721313, -2.235187146482076e-08], [0.9999998807907104, 1.6175059667315565e-20, -7.008741818026465e-07], [-7.464271334356454e-07, 0.0, -1.0000001192092896]],
        "ring03_l": [[1.1140711819734861e-07, 0.9999996423721313, -2.235187146482076e-08], [0.9999998807907104, -8.462006938693415e-33, -7.008741818026465e-07], [-7.464271334356454e-07, 0.0, -1.0000001192092896]],
        "ring_end_l": [[0.0015410904306918383, 0.9999984502792358, -3.2825994367158273e-06], [0.9998892545700073, -0.0015407621394842863, 0.014792206697165966], [0.014792141504585743, -2.605595909699332e-05, -0.9998906850814819]],
        "pinky01_l": [[1.4533486591972178e-07, 0.9999996423721313, -2.235189811017335e-08], [0.9999998807907104, -3.392775482780053e-08, -7.008741818026465e-07], [-7.464271334356454e-07, 0.0, -1.0000001192092896]],
        "pinky02_l": [[1.1140711819734861e-07, 0.9999996423721313, -2.23518732411776e-08], [0.9999998807907104, 1.774935562524017e-20, -7.008741818026465e-07], [-7.464271334356454e-07, 0.0, -1.0000001192092896]],
        "pinky03_l": [[1.1140711819734861e-07, 0.9999995827674866, -2.23518732411776e-08], [0.9999998807907104, -1.6155963783563652e-27, -7.008741818026465e-07], [-7.464271334356454e-07, 0.0, -1.0000001192092896]],
        "pinky_end_l": [[-0.001149868592619896, 0.999998927116394, -5.372890882426873e-06], [0.9999656081199646, 0.0011499858228489757, 0.008198731578886509], [0.008198688738048077, 4.077060566487489e-06, -0.9999665021896362]],
        "thumb01_l": [[0.38729774951934814, 0.7745962142944336, -0.5000004768371582], [0.8944273591041565, -0.4472130835056305, 1.479530737924506e-07], [-0.22360679507255554, -0.44721436500549316, -0.8660251498222351]],
        "thumb02_l": [[0.38729894161224365, 0.7745964527130127, -0.49999919533729553], [0.8944269418716431, -0.4472139775753021, 3.5760695027420297e-07], [-0.22360651195049286, -0.4472130835056305, -0.8660258650779724]],
        "thumb03_l": [[0.38729843497276306, 0.7745952010154724, -0.5000015497207642], [0.8944271802902222, -0.4472135603427887, 1.3985035138830426e-06], [-0.22360655665397644, -0.4472157061100006, -0.8660244941711426]],
